1000 9877
98 446
878 208
56 775
77 911
742 899
375 174
211 825
200 550
128 259
111 336
556 835
151 761
837 806
865 977
883 720
389 821
265 511
251 194
35 913
678 837
347 599
757 724
351 103
924 221
400 417
401 120
882 883
246 458
999 520
892 440
363 298
454 135
284 367
874 690
946 359
657 216
895 856
933 123
700 346
481 404
45 619
706 679
800 288
606 148
266 763
346 976
420 96
166 580
540 337
709 294
697 890
37 505
365 796
847 424
758 797
266 989
802 763
322 108
589 801
130 188
839 709
453 282
127 759
756 229
774 524
944 295
581 30
361 123
362 964
880 649
450 363
44 120
211 665
358 280
345 655
989 410
665 508
387 834
462 266
819 839
270 633
642 980
420 718
629 548
232 134
638 818
271 849
94 812
275 402
25 639
949 222
436 903
276 808
662 126
238 254
720 137
403 423
411 880
358 823
472 834
517 156
281 944
545 195
29 338
948 56
677 454
159 947
339 832
481 613
835 390
161 587
933 829
351 232
62 277
458 488
448 409
122 224
13 847
485 914
606 342
398 827
827 647
352 613
575 729
738 188
326 515
572 433
700 382
331 453
892 674
469 607
679 764
370 968
848 696
925 860
179 934
865 155
153 775
675 646
857 559
516 446
790 181
524 993
50 792
235 284
239 444
75 695
153 33
689 183
410 432
145 965
864 443
974 176
284 892
84 606
159 172
471 142
879 765
970 571
480 291
7 104
907 38
514 791
180 556
818 715
663 637
78 135
261 493
739 943
858 427
681 838
495 474
150 643
409 523
319 8
452 495
237 879
845 112
591 636
461 359
466 785
945 602
52 260
180 497
971 550
661 366
369 392
186 590
742 587
892 60
51 580
90 933
640 423
470 398
130 845
419 988
372 932
502 799
655 241
658 311
161 373
713 800
113 28
167 315
260 111
337 596
351 191
672 214
618 894
770 703
238 615
712 51
683 950
170 271
984 215
982 358
286 788
892 599
416 754
571 678
595 827
809 125
244 902
804 288
92 754
308 951
369 647
886 492
871 376
529 255
663 108
900 610
824 535
805 811
576 781
22 463
407 515
891 737
489 228
328 166
720 856
516 545
335 813
380 650
110 615
955 112
519 275
741 655
429 361
712 923
286 242
715 784
537 80
443 437
82 399
559 995
543 46
183 399
651 121
30 6
397 769
368 959
864 788
977 11
985 512
693 383
363 884
717 73
765 349
90 87
982 198
986 13
590 395
674 894
640 306
167 479
351 2
463 580
561 985
901 198
838 675
416 816
199 594
848 979
722 948
39 19
979 313
11 809
497 88
678 624
210 583
579 722
212 9
931 637
622 596
163 645
757 819
494 971
633 893
481 504
514 338
718 646
865 338
80 794
514 337
533 755
700 4
331 747
592 982
934 685
115 909
28 824
406 422
457 802
646 604
115 826
69 77
599 596
879 708
515 327
428 700
139 107
693 512
430 606
881 800
440 730
703 635
116 775
922 510
816 85
396 328
641 30
573 807
152 125
579 310
48 446
323 244
641 143
688 238
526 706
376 650
485 296
252 309
716 724
994 713
760 752
707 43
104 314
507 81
181 912
453 923
6 293
998 745
809 452
307 806
695 651
890 389
268 907
160 4
627 670
406 537
377 671
29 510
178 920
717 945
26 612
762 810
139 783
359 680
730 268
696 148
787 831
368 69
927 657
334 862
395 758
195 808
202 244
934 781
796 806
988 126
657 104
848 733
133 906
597 958
486 791
605 451
148 644
576 247
351 587
953 564
231 33
213 566
37 504
922 30
379 959
141 394
487 751
790 25
47 203
300 237
174 306
693 834
289 516
419 137
168 391
251 356
229 290
763 982
712 836
340 909
968 430
474 699
77 366
738 552
188 713
411 452
836 237
234 283
590 916
673 984
267 811
125 211
396 909
20 97
96 455
67 297
823 647
85 566
911 352
20 327
304 784
655 879
941 986
194 97
532 329
204 138
27 387
228 256
782 273
548 979
165 305
826 733
994 331
226 801
298 338
504 707
925 279
506 17
109 148
222 461
26 632
201 758
596 487
221 747
493 646
574 177
316 129
526 52
395 530
268 284
218 687
754 557
611 140
978 633
923 24
706 648
897 145
911 619
201 976
760 776
295 906
652 329
619 774
25 339
14 533
311 45
779 679
965 48
434 696
166 425
330 505
314 994
157 217
694 385
641 267
509 69
93 774
790 420
670 785
510 369
557 8
396 546
332 928
133 657
885 572
959 261
896 133
972 656
555 504
252 872
765 455
587 811
548 563
685 675
997 180
525 861
985 596
62 724
170 200
578 733
532 254
708 991
394 515
344 362
604 536
626 64
934 393
756 963
759 444
981 994
839 260
18 38
915 460
511 855
701 483
653 576
800 28
449 162
605 839
697 644
661 801
424 480
643 994
299 928
230 916
265 528
88 909
730 452
771 282
655 769
458 3
631 900
465 805
523 345
874 651
876 45
183 695
224 460
350 412
724 393
282 228
264 423
718 683
539 52
944 932
176 574
818 69
69 205
562 68
291 223
844 945
297 562
857 522
572 43
595 506
124 175
173 48
671 817
893 753
555 200
197 186
114 440
811 690
832 887
689 210
432 69
586 810
283 830
31 436
417 352
660 420
456 218
247 116
243 50
318 544
881 455
931 331
825 716
681 784
846 122
3 828
557 253
885 528
906 951
924 888
730 723
803 261
452 445
29 981
926 93
560 514
604 815
203 974
664 108
227 213
996 129
68 764
234 644
497 126
460 70
246 595
929 969
821 75
380 301
772 641
140 862
647 707
948 66
472 827
865 804
496 129
166 885
669 952
528 820
406 622
949 344
98 167
575 614
958 398
374 209
47 245
415 625
456 894
200 968
791 762
919 289
832 457
886 188
331 973
765 881
142 330
902 900
739 394
300 710
62 445
623 772
700 295
443 822
999 853
737 814
793 748
282 107
690 92
439 467
978 355
636 251
283 591
620 812
947 484
733 459
571 272
723 697
371 310
600 256
361 268
604 344
176 774
821 935
555 772
976 735
594 802
187 152
595 7
524 57
508 468
399 615
801 461
516 661
528 203
966 637
168 714
615 350
391 784
819 877
207 568
290 101
608 232
901 579
868 650
796 107
977 118
299 14
284 762
360 112
638 871
694 949
590 202
613 43
592 986
77 798
578 261
545 436
837 804
161 323
332 428
562 785
947 761
105 766
159 985
734 531
700 903
807 861
556 611
200 217
472 134
491 354
825 390
863 474
701 299
647 965
377 271
628 185
655 462
644 93
313 715
122 61
675 801
472 420
382 619
58 798
938 705
278 294
463 238
796 247
984 63
568 318
700 459
877 289
836 667
728 4
377 218
378 645
567 533
179 844
499 683
871 387
304 395
124 772
13 493
698 599
201 21
734 49
404 990
794 34
832 913
45 924
49 473
864 290
318 783
874 135
897 836
362 542
243 330
145 872
112 741
412 514
330 106
584 159
418 67
778 809
112 884
3 743
498 405
244 337
459 578
51 991
103 558
903 749
824 605
293 955
24 101
419 752
600 856
51 844
507 286
315 919
725 916
15 350
623 53
241 223
312 209
336 245
989 745
393 114
364 675
950 702
130 871
441 862
355 928
146 885
69 882
677 627
772 345
150 773
77 659
335 97
40 27
907 934
200 802
916 600
424 374
26 726
375 323
412 463
621 103
254 692
95 64
911 852
60 777
540 98
580 951
562 742
815 168
31 633
468 69
862 141
810 488
593 1000
616 535
815 25
429 814
231 358
849 995
739 339
770 797
255 253
537 574
610 476
64 504
266 620
880 77
462 906
474 971
715 699
791 230
595 481
462 168
140 916
567 799
71 684
384 366
136 795
696 806
932 287
737 161
24 308
991 892
119 773
811 631
3 690
81 854
85 774
779 676
51 906
849 738
421 985
980 737
260 580
911 470
932 979
114 248
646 97
43 60
225 817
820 924
712 317
324 547
498 234
6 339
65 949
356 156
944 351
753 352
476 969
945 285
539 685
276 957
354 429
669 34
853 993
660 795
485 647
27 366
246 278
981 993
319 718
602 502
14 152
637 729
905 229
869 572
853 167
564 46
360 516
770 701
555 887
169 34
485 674
554 983
400 378
874 944
972 394
978 971
406 288
689 644
616 484
710 274
838 359
714 849
294 757
615 107
785 250
443 922
643 543
987 857
749 602
184 878
41 939
44 510
871 459
361 646
69 93
272 241
664 659
735 552
996 872
358 117
180 893
699 427
827 222
77 467
706 849
232 516
343 368
625 775
521 1000
918 890
614 149
245 606
509 985
132 798
258 625
274 476
813 129
219 44
841 864
154 689
177 752
363 985
829 796
261 336
542 227
691 807
507 454
399 198
111 200
114 28
467 437
29 69
492 417
661 384
773 326
811 31
981 675
837 847
786 979
532 147
534 865
574 818
351 511
798 698
692 473
514 969
622 30
414 675
863 336
208 790
299 737
268 624
910 387
790 893
990 877
772 416
761 619
541 381
190 789
139 997
354 875
657 864
251 281
514 747
770 641
116 894
751 604
858 462
170 737
65 477
526 66
654 55
397 54
162 73
166 381
835 894
178 167
257 540
965 836
73 212
74 103
521 534
420 79
370 782
46 1
671 381
446 831
468 339
966 438
753 571
850 407
61 476
819 688
662 78
429 967
462 224
176 825
249 725
162 740
472 494
279 619
263 38
927 79
984 527
270 838
509 12
71 773
612 667
776 827
860 17
756 418
388 644
82 369
254 947
76 407
202 854
377 946
478 300
787 753
806 705
459 502
25 608
997 122
265 177
727 65
450 239
858 272
270 386
716 726
789 878
589 991
298 971
850 652
998 540
949 104
623 129
413 887
692 183
677 606
384 559
254 311
246 303
964 698
364 435
298 380
652 867
749 77
259 363
723 718
928 441
269 190
443 964
311 519
259 504
118 55
908 987
321 855
349 124
624 162
191 180
166 409
601 392
914 538
292 455
130 447
828 241
95 402
390 956
248 507
176 616
749 657
918 434
317 997
693 942
491 830
628 661
855 168
850 379
577 721
10 626
394 564
876 427
667 960
282 366
763 891
12 187
362 944
589 687
76 838
976 700
738 439
28 909
729 808
96 251
689 106
181 318
402 573
771 604
756 390
354 834
837 787
373 487
256 26
440 359
569 77
332 781
423 422
135 370
910 908
1 275
38 635
494 9
59 572
794 953
744 356
377 893
907 362
980 940
731 110
473 274
932 783
807 141
528 689
85 421
322 57
105 447
214 11
307 919
949 76
138 301
739 952
901 489
648 53
51 410
507 236
551 25
536 782
720 27
998 914
811 479
392 6
468 753
964 670
511 701
187 859
423 635
325 569
417 451
373 392
114 827
639 518
625 252
638 156
257 698
39 568
995 990
490 666
198 219
23 4
364 685
247 554
998 804
587 137
19 677
349 246
356 994
325 125
116 278
244 835
305 961
892 899
580 628
282 467
391 151
608 853
828 649
315 409
776 661
615 50
395 33
103 352
612 820
484 391
585 500
604 432
162 415
291 353
20 801
334 129
772 510
452 308
510 454
936 761
301 985
234 396
72 81
43 509
600 821
656 519
622 438
807 288
920 956
150 881
716 534
191 79
85 456
588 465
971 475
664 385
759 664
831 63
888 873
602 213
217 881
612 601
99 373
209 501
764 97
748 542
51 502
781 176
241 36
189 348
155 340
506 448
375 294
571 989
277 858
226 946
65 496
47 64
17 117
267 815
739 400
706 379
545 959
877 258
933 48
994 62
409 364
796 872
451 745
514 473
383 478
723 853
945 499
943 856
330 313
705 467
502 316
12 29
54 672
609 191
383 316
150 247
607 947
780 26
193 656
89 807
607 621
441 398
998 90
528 82
896 470
895 294
628 483
921 5
555 458
552 281
196 119
346 388
515 509
510 403
721 720
813 128
814 683
214 631
362 682
988 874
256 83
936 725
827 618
426 399
217 604
105 196
967 732
915 961
424 199
194 786
201 874
366 12
332 164
647 287
116 627
66 344
158 376
198 837
234 642
864 629
333 718
100 47
318 98
267 672
208 105
290 515
699 677
782 758
320 578
929 952
269 439
329 660
200 748
166 1
811 316
887 73
469 208
317 28
725 399
123 341
198 257
308 705
476 611
972 344
705 115
762 900
526 67
30 882
972 431
810 286
47 469
896 967
783 449
416 529
697 896
866 25
995 871
943 801
487 3
770 851
671 753
672 689
526 268
451 594
281 892
737 925
166 687
406 158
196 294
953 869
989 127
704 241
27 580
637 557
177 87
487 374
456 26
187 154
560 912
834 908
283 879
182 147
512 572
589 492
167 858
367 512
285 267
286 124
396 996
113 524
438 299
902 410
306 505
881 519
552 993
534 689
773 391
81 447
686 620
104 1000
980 905
655 999
512 415
54 490
129 961
556 936
939 48
940 271
834 774
707 44
358 956
132 311
460 100
765 751
551 116
40 686
147 914
367 567
462 793
221 994
592 250
868 351
463 549
504 682
730 152
472 136
695 938
274 386
539 434
463 970
504 537
965 628
714 948
327 139
130 709
776 47
212 441
412 651
297 221
761 352
743 400
249 180
451 784
123 607
549 87
184 713
758 119
384 341
597 955
504 870
914 487
158 883
331 571
390 588
676 189
917 693
774 468
371 359
121 447
175 619
567 821
865 93
300 232
931 86
219 984
257 59
576 263
206 198
44 229
814 769
261 522
71 1000
19 344
336 683
172 65
180 596
492 806
998 332
765 79
950 483
772 775
267 169
378 468
404 387
280 145
669 393
817 414
16 763
519 139
225 811
357 318
674 80
128 372
835 58
868 488
647 359
553 914
695 635
790 961
275 116
207 881
812 693
744 3
517 152
647 860
288 104
640 765
146 10
455 20
829 263
456 990
320 313
636 247
578 946
491 320
734 668
950 841
576 618
390 892
782 54
389 583
917 789
610 777
442 759
832 307
814 391
27 83
446 523
711 5
970 129
2 367
334 552
779 877
248 425
246 244
265 987
978 519
835 966
74 475
571 636
398 712
2 177
274 938
41 845
6 713
634 468
214 940
822 559
736 428
442 299
872 828
297 312
141 427
736 283
111 653
559 757
780 198
763 774
676 951
399 552
2 834
258 760
85 595
655 608
651 371
525 662
49 165
267 106
272 452
632 58
614 126
851 280
46 762
56 630
474 269
275 724
884 208
29 861
876 844
860 329
458 793
893 143
363 908
594 677
552 953
590 145
385 571
522 81
854 540
881 344
351 538
333 297
941 938
754 725
281 762
665 536
485 591
967 831
53 267
240 270
956 588
938 67
118 291
639 711
431 386
70 582
142 83
289 429
53 444
732 154
701 981
423 542
852 636
563 451
91 223
714 637
324 567
881 228
885 798
526 100
511 950
826 990
848 634
84 969
264 475
283 425
529 465
417 991
288 449
455 687
829 126
45 687
464 770
821 714
550 312
663 251
860 135
500 347
746 607
272 100
715 712
421 589
437 269
693 997
178 370
662 928
774 686
206 284
908 32
486 60
162 734
131 713
103 317
340 593
162 305
845 972
385 86
651 159
653 453
457 612
315 642
281 788
6 128
281 391
177 758
569 724
189 699
760 873
834 688
730 833
555 374
756 669
336 32
630 423
545 316
603 98
808 922
533 339
867 321
787 472
682 782
686 930
66 123
484 767
434 503
640 310
692 388
661 608
827 234
235 563
235 737
677 552
679 380
701 260
646 399
834 231
799 907
558 742
852 775
47 103
30 883
677 252
100 755
545 602
236 499
678 286
476 386
443 843
245 75
62 563
620 9
583 151
788 845
148 748
780 473
771 166
898 371
745 633
715 581
699 344
2 1000
850 292
188 963
138 745
162 738
568 865
576 316
689 243
347 734
339 454
379 757
641 368
189 908
25 219
281 321
654 770
180 625
452 254
716 867
698 242
555 551
243 19
940 91
188 656
798 329
376 944
358 704
486 405
348 430
138 60
565 755
752 934
767 765
533 405
831 144
997 845
753 460
831 225
82 544
690 803
971 482
860 912
133 509
9 11
708 899
341 230
531 906
114 480
890 385
891 184
855 989
316 923
504 683
781 639
583 823
985 476
89 23
435 63
313 607
738 212
731 625
442 720
792 747
995 932
527 781
504 785
300 677
266 62
759 930
982 541
786 264
861 964
348 697
519 770
867 335
761 208
788 865
815 102
933 344
495 555
297 510
351 695
101 672
743 369
46 35
191 792
804 459
836 481
571 305
720 917
921 162
832 771
83 139
546 753
673 788
983 548
430 924
487 661
230 249
163 998
250 779
479 682
169 314
300 15
394 68
803 480
76 550
998 333
323 71
803 762
589 352
76 437
521 512
409 562
357 491
751 252
589 241
168 967
299 111
707 122
124 24
185 388
740 242
782 507
878 96
38 859
516 336
838 49
371 542
822 938
986 193
90 442
492 378
132 187
83 815
483 73
284 110
655 9
990 664
267 553
534 564
91 653
679 260
375 219
635 456
212 367
341 333
878 668
23 401
615 539
688 808
307 450
678 215
348 750
166 443
443 770
151 77
10 931
905 569
744 623
639 358
624 5
127 82
774 929
650 250
259 244
38 777
425 668
268 38
887 628
265 811
718 706
150 126
926 911
712 567
162 584
129 305
913 657
932 395
861 123
112 550
738 486
405 21
505 633
530 433
442 10
560 857
462 73
671 127
705 536
966 553
54 919
456 162
466 768
993 909
685 79
903 24
329 816
559 970
158 977
395 257
729 535
686 459
745 141
284 543
671 157
582 616
510 599
920 15
872 264
138 244
949 140
732 268
146 683
533 461
882 353
759 741
561 956
177 939
590 257
578 729
280 396
125 582
237 140
961 270
104 223
469 73
282 361
459 111
632 725
392 36
857 176
703 192
536 849
798 639
415 921
102 115
479 262
463 909
715 28
734 264
183 514
64 138
136 263
566 789
169 449
297 276
745 866
209 960
827 900
59 510
4 405
540 359
692 602
931 674
128 693
127 967
348 784
650 774
540 406
611 715
469 848
456 102
810 892
814 92
103 175
529 796
445 33
913 637
185 550
827 211
387 594
817 25
549 418
736 151
816 223
598 977
110 475
182 36
612 953
59 811
133 608
760 908
428 156
12 419
50 746
323 982
840 204
998 277
565 670
397 828
848 366
846 233
647 392
769 208
637 60
33 406
381 510
898 702
593 62
134 372
836 342
218 13
733 762
910 356
932 132
237 112
916 317
129 645
494 289
762 561
851 460
600 733
825 253
754 173
939 261
905 181
502 338
394 690
17 309
202 185
368 463
208 664
653 608
929 664
397 418
42 568
700 733
41 456
244 705
83 709
874 856
87 865
454 44
10 1000
283 436
710 381
571 729
516 206
754 625
611 200
98 397
724 425
429 883
8 909
639 318
774 77
110 968
202 447
149 660
637 969
73 170
9 546
109 668
132 620
991 514
79 68
316 282
286 422
982 835
736 341
41 533
63 720
33 901
841 631
228 608
45 86
980 471
999 277
529 905
586 842
660 469
55 413
96 210
483 690
390 418
52 443
72 91
737 351
484 100
633 414
318 704
245 928
538 261
453 723
663 928
944 238
393 888
397 800
396 885
243 304
685 697
884 408
871 663
379 304
199 485
309 165
57 52
406 833
815 751
228 11
301 705
473 420
471 753
552 769
772 722
720 163
994 606
673 551
551 789
252 256
844 252
890 646
303 281
949 36
683 754
484 578
364 1000
899 911
943 478
636 860
412 278
115 841
217 250
236 50
165 122
408 801
787 947
165 971
807 161
299 893
52 595
326 86
183 763
543 668
856 253
16 689
918 485
611 885
61 396
447 951
547 477
610 423
301 46
861 22
352 10
595 438
682 816
118 609
415 203
259 513
839 618
10 339
158 875
380 719
197 783
2 751
591 211
81 878
431 854
214 578
533 214
208 375
543 493
12 209
718 125
190 442
137 270
397 836
987 108
664 57
948 773
336 90
579 422
708 969
358 975
308 208
953 29
94 673
422 360
596 931
703 969
584 351
455 791
364 671
241 172
616 48
523 428
372 846
105 589
68 583
213 400
555 796
286 318
425 182
173 976
764 463
579 857
160 37
476 775
773 957
189 166
817 937
431 89
759 245
486 635
912 228
531 244
92 966
38 484
666 533
558 543
5 741
724 259
523 872
263 849
806 160
787 975
259 102
62 633
302 200
840 879
732 645
397 204
970 30
294 604
80 840
162 982
442 326
546 816
339 50
214 930
362 241
533 566
990 503
561 277
332 372
61 914
932 436
559 759
694 410
804 206
552 383
930 644
410 557
408 923
163 175
657 875
457 590
288 242
604 34
661 37
789 80
979 702
687 609
929 341
15 664
219 117
94 867
537 152
778 82
172 45
910 623
103 735
161 188
470 166
261 137
485 363
752 894
15 446
91 812
77 849
650 251
781 851
87 280
614 360
242 780
661 473
796 304
156 151
13 570
237 28
222 368
938 65
208 814
134 570
798 749
438 360
566 635
660 662
661 699
555 515
446 715
303 70
140 435
256 835
259 420
779 786
701 192
609 526
464 885
339 771
411 158
530 317
292 395
75 781
404 717
773 708
832 128
982 602
89 665
97 166
210 895
211 170
140 86
657 452
490 415
996 372
389 354
226 501
32 678
400 826
511 500
560 536
561 305
120 991
121 266
799 267
694 503
605 40
163 109
849 638
965 160
270 878
120 484
23 606
816 208
270 793
456 223
223 859
24 387
152 248
607 262
674 325
486 495
968 122
183 389
993 537
82 280
854 602
637 74
896 102
441 79
246 906
172 809
621 598
852 253
574 562
128 399
147 157
699 984
918 109
367 830
651 861
820 892
582 887
87 335
553 863
988 570
425 647
920 778
154 463
673 377
158 398
574 727
420 721
755 462
403 485
599 321
622 34
308 430
998 471
540 785
66 232
415 484
57 987
976 167
134 689
853 71
677 361
617 337
237 290
57 580
577 141
317 138
28 195
13 145
409 476
501 78
853 409
433 486
197 325
59 428
277 605
247 751
729 276
865 340
573 155
593 837
500 185
173 365
283 725
681 298
40 446
224 203
443 43
728 843
361 358
749 971
71 739
348 100
906 528
642 557
136 864
46 487
374 944
840 276
371 170
104 559
780 136
949 527
349 401
196 86
806 795
491 658
332 918
674 361
358 710
257 367
314 360
323 250
180 657
733 571
367 237
318 291
621 570
16 130
237 817
664 77
389 28
345 368
952 456
769 662
725 733
82 945
198 567
623 242
369 219
636 127
817 819
787 103
147 772
136 81
718 458
530 191
687 430
352 993
4 42
207 557
815 290
710 444
225 311
161 529
743 827
853 460
530 97
87 772
1 853
75 836
169 836
352 719
824 30
852 148
320 109
467 238
117 518
144 187
108 132
201 830
927 90
771 486
630 1
961 788
31 934
615 804
338 272
230 258
819 355
32 639
306 370
309 945
435 618
214 734
239 560
305 274
596 119
407 720
823 168
903 272
7 351
192 484
97 313
7 492
548 208
163 178
736 80
647 156
12 405
215 254
487 629
988 958
124 658
521 693
405 834
584 19
287 674
988 813
536 342
720 467
883 1
538 748
315 573
614 922
732 298
377 769
690 882
507 443
643 900
309 184
275 8
60 882
151 677
172 896
582 959
553 919
475 721
904 327
129 157
337 720
195 718
307 776
576 904
420 745
223 228
351 51
189 308
852 756
134 607
561 705
891 70
312 865
956 538
635 93
428 975
628 180
913 297
990 809
16 532
701 330
195 893
536 607
886 249
461 254
999 954
929 560
269 47
702 696
221 278
386 973
369 515
499 620
481 457
762 42
784 824
273 325
465 989
173 292
52 488
946 100
325 121
564 697
540 396
642 476
1 460
293 962
314 893
560 637
755 43
482 567
898 229
974 776
812 482
859 600
141 569
291 404
310 400
681 540
225 392
889 993
429 382
231 694
241 690
102 929
146 903
256 75
979 577
485 136
91 1
422 683
997 45
923 902
928 556
360 62
747 698
159 600
935 491
848 275
868 990
280 287
233 705
569 415
678 587
869 500
734 946
311 903
517 872
939 891
901 457
941 824
564 277
566 431
623 298
900 247
756 969
668 379
247 198
394 470
249 422
1000 682
195 968
402 274
667 290
653 715
268 687
644 18
938 755
389 697
268 318
969 671
161 842
19 596
149 525
776 377
356 819
783 542
550 319
734 145
165 787
439 340
283 712
191 963
797 116
572 178
184 883
280 626
303 618
614 507
20 636
19 931
794 103
822 563
197 164
615 557
370 697
949 554
328 60
741 648
188 536
896 368
915 743
168 316
385 196
629 963
326 935
14 993
385 373
564 693
586 665
578 537
673 779
233 812
219 449
275 467
95 690
132 456
388 850
962 363
873 860
320 594
676 92
169 805
591 718
900 959
782 433
103 928
473 511
511 531
721 289
105 516
694 636
695 813
865 830
113 49
350 806
42 255
578 477
442 182
655 67
838 969
122 176
910 55
329 506
972 340
126 85
66 907
982 402
937 4
196 505
351 958
563 254
726 670
982 756
400 234
39 728
540 214
300 595
374 802
896 842
164 226
257 896
919 114
340 630
923 375
639 137
736 504
991 524
499 322
47 829
123 770
362 54
269 682
616 944
850 291
766 407
778 613
510 209
957 910
963 465
358 485
988 36
497 583
392 757
500 894
641 397
699 168
438 444
828 524
391 782
876 768
551 280
465 131
530 873
472 673
751 229
916 14
85 885
224 598
190 367
711 699
826 383
207 1000
885 784
9 191
854 321
164 797
237 602
925 490
998 736
678 738
700 814
962 17
670 326
13 615
807 859
32 634
223 16
740 398
541 171
778 687
636 957
191 502
69 698
255 298
605 792
52 904
201 626
716 151
183 537
313 604
297 39
777 493
192 795
507 914
455 338
682 402
652 638
635 414
191 724
530 94
984 107
127 298
147 594
866 70
283 402
343 770
571 743
607 237
97 892
335 430
746 515
502 437
804 359
92 689
37 272
238 316
828 125
657 158
633 915
406 207
118 837
639 173
663 429
381 374
131 757
6 515
443 167
137 880
652 17
546 524
687 99
612 797
233 168
443 805
159 176
732 150
492 915
970 527
561 90
270 726
162 487
27 887
640 806
730 738
141 839
225 781
495 462
996 353
851 606
319 28
394 165
463 149
949 181
732 299
369 267
314 508
243 270
447 184
195 403
12 843
74 800
440 74
801 87
233 629
786 901
94 566
989 854
39 499
815 626
427 341
888 7
953 1
346 815
665 945
873 566
694 548
644 281
925 272
433 754
126 833
916 981
260 513
460 505
189 21
688 370
838 738
7 994
257 701
113 475
296 197
248 574
249 450
126 547
402 465
296 84
390 770
250 263
344 832
224 406
279 234
282 58
895 90
847 487
387 349
979 151
103 55
641 162
699 276
645 710
357 952
146 351
842 308
718 483
554 640
903 375
692 726
232 558
49 72
344 700
989 212
659 157
974 184
693 720
548 245
966 556
570 269
71 968
116 215
745 225
394 103
803 385
138 939
918 946
216 832
677 989
492 661
461 142
546 212
307 728
641 200
346 126
367 804
370 72
208 115
815 816
946 897
284 312
926 251
12 879
531 745
581 226
313 216
86 999
679 946
513 679
901 456
514 462
985 383
521 253
43 865
27 356
726 38
624 664
346 690
420 925
115 808
77 673
726 913
32 141
291 648
143 683
762 462
672 93
389 869
235 807
515 761
226 62
559 224
264 479
418 900
729 141
914 265
334 47
95 320
406 405
120 660
619 842
732 619
776 457
425 765
559 454
963 615
657 442
736 477
218 940
316 369
10 676
743 186
376 476
709 486
379 911
361 648
822 527
110 781
400 828
131 700
528 56
945 11
310 450
2 947
956 304
957 617
118 166
798 439
999 498
214 686
727 949
422 923
336 728
542 952
304 6
522 396
228 997
106 257
200 198
935 680
828 984
281 395
712 97
107 873
448 361
312 367
185 231
424 873
811 887
831 376
744 274
924 423
91 157
114 22
205 173
1 805
579 96
507 77
453 943
792 215
316 685
809 926
378 466
285 870
68 522
598 54
475 536
756 324
80 168
651 573
484 730
753 151
791 557
568 92
421 491
458 332
833 136
943 455
363 313
644 96
293 30
354 28
965 425
32 792
783 351
217 268
353 348
838 325
197 323
628 921
909 38
452 663
913 67
457 127
19 736
918 476
50 246
865 219
435 641
205 555
244 55
884 324
719 265
729 677
159 78
490 147
736 199
607 132
225 326
64 708
877 562
159 223
510 289
998 202
232 501
803 456
438 445
276 72
974 99
11 173
251 544
452 265
402 610
55 700
662 396
962 426
456 641
251 657
930 76
853 801
261 190
815 891
781 951
431 514
656 580
688 163
609 612
850 646
100 121
599 1
526 383
696 864
492 387
441 843
977 777
892 124
790 937
459 91
61 739
632 673
248 982
725 332
872 240
90 341
308 396
437 544
422 188
893 355
568 120
880 314
164 579
136 484
28 178
674 636
179 6
566 694
983 412
853 458
640 931
326 58
454 15
457 313
807 521
814 479
356 869
965 657
13 4
498 237
771 488
645 463
20 256
654 311
141 160
62 832
127 11
143 822
917 591
386 9
975 249
248 368
231 89
54 754
145 694
664 674
537 724
205 638
889 233
195 296
818 151
31 198
931 972
975 31
211 322
139 161
453 257
201 376
846 360
543 200
728 583
15 995
110 551
383 977
812 223
449 967
466 799
794 11
16 978
401 868
314 155
498 396
45 345
86 655
73 528
186 337
320 963
104 219
987 97
688 130
29 918
544 761
531 716
647 354
355 856
542 76
32 277
985 753
392 502
237 164
717 154
241 161
481 914
797 2
551 23
796 350
962 114
583 646
289 388
147 802
666 894
648 221
958 510
815 339
856 352
506 25
198 307
774 557
354 85
247 770
183 570
208 782
279 7
341 314
930 873
382 910
787 976
670 201
41 150
867 286
870 675
174 922
244 986
734 221
718 710
760 440
795 331
671 692
88 501
129 12
584 926
851 80
293 395
215 457
16 129
269 753
625 643
440 973
727 3
813 500
939 393
272 426
145 956
76 864
920 454
700 512
46 652
604 398
291 359
613 424
872 71
944 75
768 825
931 945
155 881
745 113
484 227
57 549
677 988
345 611
141 874
953 348
366 139
9 276
967 647
15 266
953 205
259 860
96 618
8 732
831 212
962 714
301 757
158 262
869 910
143 246
701 143
84 330
223 292
260 306
854 398
177 824
821 127
969 317
327 266
134 430
86 87
615 291
308 469
481 559
411 964
231 448
50 665
891 981
963 544
628 177
456 842
256 838
833 92
236 90
9 690
819 225
292 295
973 856
188 496
118 113
778 838
783 491
818 867
544 247
84 48
691 72
250 280
472 274
678 326
331 617
260 571
135 953
27 848
746 600
448 779
197 384
415 473
163 304
383 341
580 711
28 702
858 929
639 100
918 19
97 389
150 137
318 895
266 922
283 1000
214 828
234 22
126 24
775 783
542 558
998 92
430 984
642 192
366 986
276 454
370 425
685 30
966 521
6 234
168 406
64 903
543 17
360 382
784 384
128 100
55 347
24 53
668 870
746 318
487 780
223 634
884 416
426 280
604 807
971 620
73 953
972 771
114 23
301 271
246 568
247 273
854 315
930 267
514 436
807 83
631 399
467 810
982 223
566 286
255 907
881 456
792 327
242 258
227 170
355 993
468 704
753 150
844 43
611 304
928 246
677 389
933 875
184 358
916 543
795 838
725 393
576 218
922 591
711 599
500 486
874 727
545 605
164 157
183 659
481 503
101 806
448 248
601 294
70 99
788 842
71 446
439 442
442 394
793 869
351 751
319 799
874 280
92 308
822 744
315 86
903 297
193 886
509 148
236 940
37 557
835 139
900 877
893 782
604 455
823 103
370 461
6 839
944 388
339 442
638 34
881 991
382 380
186 459
723 288
708 52
371 346
715 635
125 198
73 635
335 735
727 233
142 545
949 863
453 864
211 389
388 929
933 965
908 37
693 346
9 49
401 554
418 392
761 972
650 47
764 193
431 754
712 380
472 961
458 572
241 132
285 841
803 916
303 278
194 389
559 737
126 984
566 405
226 786
428 998
930 608
400 411
588 68
476 686
147 886
95 84
61 964
711 142
344 72
471 817
887 329
669 694
460 339
829 48
867 229
210 544
303 857
753 766
428 121
404 640
593 789
687 199
637 888
47 356
583 374
966 122
455 515
892 886
148 636
600 413
209 531
965 67
274 866
993 154
779 259
597 520
805 635
534 43
519 317
46 369
304 112
638 207
180 931
56 753
36 399
609 475
883 228
354 189
150 403
615 229
506 156
241 612
917 115
684 418
776 941
926 483
124 311
569 550
613 149
928 515
780 540
490 557
252 211
474 85
848 298
259 431
29 917
164 430
824 323
933 751
191 161
229 894
123 215
893 455
622 255
436 56
75 328
363 268
350 962
703 90
981 214
85 287
886 931
282 725
635 225
928 207
468 760
234 998
346 732
754 241
204 786
240 977
91 486
100 963
193 39
670 563
888 925
14 55
87 711
41 507
389 561
895 913
326 404
700 641
245 236
523 876
105 909
363 145
610 242
64 210
83 366
526 428
892 692
239 883
700 487
829 61
580 861
407 787
28 548
981 506
710 200
433 188
269 782
442 322
885 94
577 261
5 788
889 27
452 555
344 608
897 670
990 507
205 609
813 354
944 671
858 345
50 782
697 624
220 98
936 819
154 784
85 855
972 199
158 824
663 89
245 833
239 311
926 317
691 107
932 908
819 94
774 369
996 545
45 299
980 634
488 856
675 204
414 96
239 21
483 607
880 144
472 748
517 546
534 640
833 757
65 611
318 367
582 764
159 581
599 914
134 141
494 900
1000 209
584 272
217 713
234 681
734 806
237 246
533 313
864 608
617 360
891 281
565 968
256 394
5 1
647 726
464 301
449 415
568 211
17 691
436 131
937 482
386 616
212 682
104 339
782 250
697 290
181 753
574 120
243 808
407 371
355 162
504 744
502 55
378 1
714 615
436 417
451 610
244 746
460 543
872 468
532 571
383 225
294 658
316 190
692 769
515 776
790 402
205 850
98 482
597 908
999 808
912 364
235 71
195 122
357 760
359 94
378 430
153 236
843 405
719 270
225 94
597 750
748 270
70 294
573 282
604 789
64 331
373 511
232 765
693 784
254 82
51 419
684 693
278 802
465 361
31 46
694 378
235 387
733 128
883 303
385 168
421 826
940 990
908 316
487 553
915 744
388 173
111 909
594 89
686 377
335 597
450 481
161 346
417 232
237 314
927 774
163 941
337 994
891 455
752 783
241 270
115 277
371 703
46 869
103 844
470 49
346 963
474 188
475 749
167 243
78 570
122 618
708 917
802 334
489 985
864 763
578 425
192 532
635 824
191 334
513 562
433 890
777 101
523 555
717 899
991 36
170 326
446 747
104 478
982 297
344 109
626 385
456 871
277 647
320 150
340 217
839 1
400 350
2 446
511 80
293 237
630 142
755 314
675 925
252 812
201 774
149 558
766 498
493 849
374 379
433 363
658 868
666 363
659 126
302 612
248 342
675 763
969 410
540 503
953 878
400 794
936 892
558 23
900 774
504 414
16 202
144 287
769 805
366 516
992 179
297 823
194 653
396 701
471 219
275 564
2 772
295 393
870 7
234 301
572 661
556 242
388 652
206 911
615 337
599 844
893 111
676 683
883 41
360 490
309 63
152 502
393 972
926 166
968 888
293 619
385 624
962 330
526 635
432 565
324 611
643 829
769 854
661 428
938 227
901 509
960 855
507 216
894 980
425 349
32 489
824 117
697 489
492 163
296 462
829 764
655 283
687 992
178 910
730 355
731 710
146 176
221 620
162 38
791 672
683 859
378 57
514 711
786 96
436 409
458 241
960 275
796 137
893 383
800 204
929 552
714 782
625 345
368 206
758 479
778 799
785 41
151 404
176 608
692 616
19 766
363 139
406 194
118 856
405 279
451 567
801 816
426 348
862 331
463 388
112 995
785 739
383 765
172 282
46 263
374 912
532 836
414 363
162 256
288 971
935 959
594 255
336 531
615 665
7 488
880 644
239 131
928 806
525 764
105 107
177 342
965 501
436 709
756 398
594 33
560 145
137 672
340 885
492 684
842 723
670 33
11 332
519 115
578 557
906 116
779 206
428 496
671 308
180 369
987 99
695 338
223 445
298 772
501 827
228 69
751 107
440 77
757 248
143 163
760 534
688 275
946 875
673 161
237 162
772 691
774 885
554 503
746 619
856 755
449 35
602 27
165 295
956 534
908 657
356 598
428 971
801 295
491 313
178 773
89 486
438 755
790 516
601 67
361 998
748 246
926 917
502 357
675 597
396 178
342 722
1 550
900 738
494 905
960 29
120 746
62 717
766 609
69 96
589 873
847 401
70 215
245 303
252 473
720 887
800 761
192 452
239 310
426 625
854 849
358 416
767 972
228 437
1000 422
462 154
1 508
708 510
699 213
646 828
682 245
639 63
180 678
879 484
863 931
403 129
246 931
483 431
671 296
413 40
362 592
823 765
437 418
395 195
918 659
670 80
270 322
364 617
200 538
238 54
321 139
669 136
303 510
540 667
337 477
687 612
7 694
621 288
324 970
588 175
19 156
369 236
204 160
706 62
763 883
433 642
257 454
310 471
5 290
722 820
783 215
493 719
78 923
49 963
677 193
350 507
830 801
227 332
853 384
724 865
330 79
884 554
932 104
864 742
676 679
326 147
644 828
3 76
204 763
72 617
141 583
3 221
296 849
278 961
45 842
214 963
840 622
123 890
605 178
926 813
755 845
461 666
297 585
337 404
979 37
282 319
749 55
334 438
676 67
126 30
925 758
914 859
572 771
7 48
724 966
654 809
470 906
915 747
552 751
479 744
387 886
154 535
266 77
603 300
548 379
309 425
8 223
911 396
73 558
632 315
996 292
617 41
703 607
215 896
399 201
864 926
721 123
172 949
203 393
161 460
952 305
860 586
733 756
761 935
206 620
263 671
648 953
167 323
151 606
184 384
65 793
7 666
449 122
878 397
327 121
19 184
477 524
39 261
422 151
317 419
984 130
790 738
367 761
140 528
47 255
412 264
51 248
435 89
903 982
407 7
653 747
359 270
584 856
972 423
166 362
278 272
675 924
639 343
491 47
247 922
411 494
219 697
282 113
926 958
801 811
374 538
287 113
2 995
644 566
918 61
277 171
379 797
988 177
612 746
594 792
187 146
156 749
290 153
797 582
19 632
301 887
763 948
31 402
515 449
58 28
612 603
557 70
667 650
237 896
286 100
94 941
755 117
815 919
851 582
121 869
798 82
410 947
881 648
823 549
132 424
302 792
599 2
215 914
55 972
691 552
138 1000
802 339
270 165
952 444
40 662
171 117
556 710
562 775
891 177
372 658
507 840
113 209
352 887
316 914
647 942
973 353
319 521
235 706
108 332
18 541
347 720
666 904
58 542
523 757
818 767
394 803
386 449
387 54
133 454
83 743
672 408
52 682
790 488
437 880
246 609
896 955
434 982
877 450
4 452
121 122
339 943
856 195
31 941
54 582
182 523
329 69
19 769
192 219
836 540
712 514
63 712
400 1000
76 921
83 35
980 275
883 456
442 142
437 352
851 38
837 7
875 860
587 570
624 476
828 718
633 354
194 750
106 418
489 58
400 549
628 35
846 414
63 656
775 998
870 32
319 314
671 17
140 607
567 64
111 964
224 808
104 814
650 918
841 655
650 495
483 434
138 219
980 838
394 161
12 752
807 311
403 213
479 966
781 984
618 330
530 728
363 809
53 29
555 183
596 937
189 621
345 36
422 509
993 543
512 905
893 663
702 132
942 887
640 757
458 304
836 807
359 624
969 900
14 578
398 148
496 82
888 820
886 835
722 992
304 869
984 199
360 673
43 299
633 736
117 319
139 693
708 601
930 868
917 910
80 703
853 348
909 26
866 404
643 242
844 561
904 742
601 284
164 38
349 126
975 222
448 849
124 802
384 457
762 376
764 315
310 506
311 87
525 317
15 851
624 504
611 706
45 152
875 713
382 299
353 755
870 460
965 488
237 577
21 448
594 2
775 91
636 832
580 49
409 845
146 531
811 783
299 51
742 869
229 190
824 498
751 25
774 32
834 727
281 717
302 993
499 825
418 462
167 201
865 546
371 594
65 899
998 733
657 711
416 211
716 358
332 415
170 78
320 639
375 27
826 533
904 247
209 637
107 830
35 853
507 880
920 577
631 123
501 338
70 713
17 467
554 10
826 887
340 199
883 73
985 142
71 177
787 896
257 669
574 344
341 594
515 778
420 206
117 388
227 732
139 558
965 854
862 831
841 344
175 469
452 718
454 372
308 952
727 813
84 785
733 508
440 893
421 966
741 977
637 512
638 299
571 382
20 744
721 557
439 230
586 849
418 959
664 955
591 425
577 946
585 415
21 115
426 485
48 63
102 838
262 943
38 734
868 665
996 342
779 184
176 339
927 768
458 805
989 583
359 451
693 323
623 6
713 539
458 692
442 464
869 386
973 916
545 308
357 270
837 932
380 177
109 269
950 717
608 404
275 71
972 768
229 440
32 523
704 999
688 476
526 524
732 596
160 133
587 558
573 137
344 781
954 627
134 393
377 542
393 257
949 316
934 416
631 174
212 712
804 948
221 518
264 129
726 945
982 303
985 121
269 144
252 584
880 353
381 940
819 313
809 10
539 350
558 750
358 775
965 552
565 494
60 234
28 328
861 142
732 724
933 475
830 941
88 274
961 770
376 286
801 697
788 853
511 176
828 86
226 288
135 926
998 693
795 308
409 113
733 448
37 601
188 987
897 669
62 996
211 426
49 59
966 334
658 663
399 763
310 418
993 236
261 742
478 884
724 884
604 586
242 703
784 336
197 933
557 609
901 551
427 928
253 398
533 44
862 824
647 84
501 948
557 577
472 678
470 881
641 155
163 587
648 745
349 780
172 324
669 301
783 35
727 91
730 813
358 986
74 777
792 136
3 454
392 310
527 606
379 166
967 985
919 666
99 295
320 520
413 305
967 878
380 324
398 415
747 96
7 761
123 42
80 352
470 317
678 886
493 884
759 121
374 153
251 334
397 282
143 382
578 173
393 325
13 862
198 346
681 221
934 825
61 163
335 260
705 368
814 338
248 261
943 170
287 310
399 904
827 965
54 979
907 825
857 734
770 191
20 578
974 903
654 872
33 969
966 283
783 883
127 789
883 459
701 710
27 571
349 684
617 869
194 751
46 372
693 711
159 191
642 135
896 369
992 448
702 879
868 627
915 719
907 41
908 627
855 343
676 890
626 573
219 241
423 731
918 939
618 425
901 684
739 29
466 573
730 617
113 600
453 833
845 127
849 4
812 392
134 164
392 323
381 447
108 479
590 301
544 581
543 665
15 464
164 830
401 420
540 689
636 42
493 659
388 869
246 352
420 535
104 378
911 955
436 345
700 958
264 202
672 199
493 622
933 800
994 462
259 458
541 315
563 287
506 888
914 143
398 772
239 926
511 901
517 306
403 622
592 396
496 305
151 69
689 742
526 435
986 700
936 393
679 755
684 799
166 514
724 315
227 560
780 266
430 119
947 267
253 528
842 95
612 708
481 173
743 141
619 131
624 283
655 621
220 206
681 356
503 528
81 528
614 442
785 73
139 368
379 855
569 779
362 11
236 608
771 887
215 442
552 358
384 232
483 866
339 390
474 355
862 982
133 628
525 962
875 601
202 773
209 39
724 642
413 181
841 682
716 562
545 339
773 437
850 808
911 475
140 235
592 895
682 288
997 184
817 514
176 406
422 318
631 423
560 364
355 888
302 849
252 464
20 478
42 114
8 318
445 855
941 818
800 842
748 528
548 916
643 644
346 780
575 445
752 418
327 36
493 828
591 903
541 366
598 97
111 257
144 588
108 405
454 169
470 42
865 758
972 302
454 751
282 982
818 644
400 946
930 790
438 733
406 319
49 567
749 301
19 595
594 750
317 833
671 630
140 617
101 671
282 27
598 857
710 43
359 91
224 294
352 491
408 429
830 656
979 182
126 141
842 194
770 103
467 234
546 734
749 881
842 341
665 244
187 136
63 565
528 403
980 443
175 667
658 707
954 218
457 898
428 5
656 288
620 625
586 929
671 232
983 202
641 13
772 817
186 418
495 412
7 340
579 329
797 642
101 53
655 612
346 172
642 913
238 502
993 643
501 832
543 307
752 770
241 259
132 438
519 202
172 951
124 88
778 339
377 940
492 299
789 561
539 642
778 290
535 950
958 43
218 422
610 524
795 858
777 507
88 966
198 383
473 907
757 996
564 128
274 694
661 954
481 410
174 871
658 208
252 815
606 170
957 452
779 940
687 47
232 943
943 145
396 116
753 679
202 423
793 760
831 912
409 199
928 30
197 96
269 851
58 742
889 208
652 148
127 880
735 625
624 434
163 14
168 408
334 37
465 330
309 745
737 230
43 437
275 678
595 881
651 3
923 806
285 257
893 108
774 207
855 559
711 800
911 482
510 663
793 455
668 757
191 56
773 286
186 664
380 214
881 287
253 62
908 516
593 516
43 910
957 251
938 113
333 633
482 277
928 167
13 635
605 993
859 401
56 482
702 121
5 471
834 81
292 794
229 649
804 937
364 992
327 236
796 21
429 540
796 148
838 760
199 950
717 565
795 215
780 364
445 466
715 476
553 393
499 921
745 913
744 636
657 91
641 894
330 133
573 71
444 157
597 833
31 943
987 877
767 275
774 845
600 202
374 757
358 206
505 266
736 410
442 600
840 424
213 682
288 863
879 521
609 253
153 87
137 890
796 767
932 495
220 9
497 660
249 82
941 103
708 374
488 977
436 593
261 341
920 286
573 636
814 894
376 870
37 815
374 284
209 58
889 552
11 204
765 69
694 67
254 555
721 935
579 257
82 731
615 455
393 924
211 901
108 863
439 373
271 935
458 890
954 871
95 611
186 717
4 438
530 726
743 730
823 523
848 445
901 333
411 721
32 298
855 154
531 832
439 336
327 285
1000 251
129 596
812 687
53 317
237 48
365 251
976 416
134 598
962 79
892 268
431 496
370 828
792 562
42 177
673 369
503 258
658 487
398 154
240 250
520 412
2 179
151 870
942 599
959 62
377 311
472 29
952 807
634 137
62 406
429 913
17 23
810 476
739 462
596 333
688 944
452 581
439 449
53 866
780 486
978 765
982 929
153 232
734 128
844 898
573 220
775 512
615 833
503 471
692 766
948 864
590 513
112 448
173 63
90 751
970 843
699 411
58 257
258 351
153 51
63 528
136 831
858 744
714 372
440 577
383 611
791 472
477 196
888 63
745 346
194 752
525 652
999 341
512 533
491 706
276 414
652 982
206 91
15 627
565 986
153 688
958 609
449 437
357 102
716 563
147 280
196 380
827 159
797 302
930 113
859 29
533 468
258 818
958 835
890 893
217 717
237 242
539 776
977 827
6 335
7 546
240 425
419 354
156 223
338 986
65 818
427 439
502 873
599 181
910 256
587 661
881 432
899 529
956 582
544 320
321 89
126 788
921 922
434 623
759 32
83 579
981 102
51 225
574 207
777 303
910 205
217 314
571 839
771 769
386 825
743 637
528 626
877 246
881 27
130 306
314 599
444 970
830 951
409 377
581 499
140 255
861 771
420 95
215 566
120 777
600 19
49 307
349 64
576 12
943 978
340 645
452 95
149 857
650 926
408 477
542 640
62 974
780 13
348 15
847 231
799 128
366 991
956 445
776 779
600 591
267 128
729 877
768 875
276 434
613 503
216 947
803 465
475 82
607 901
21 482
333 16
890 959
651 119
776 104
693 464
114 129
299 17
981 597
416 42
266 426
693 321
713 515
143 160
39 83
96 523
668 513
426 148
48 750
67 154
437 308
798 791
86 5
14 424
678 761
574 830
321 180
34 531
934 422
592 9
773 108
264 52
800 966
195 540
53 486
274 405
222 487
596 560
998 936
969 578
352 588
190 656
1000 540
819 192
736 802
117 501
942 766
355 416
266 51
538 395
648 327
443 837
649 530
608 603
951 741
917 565
836 571
340 298
69 148
924 759
135 809
153 883
948 856
953 882
355 468
75 668
279 526
211 428
871 562
620 944
666 184
261 740
121 415
34 318
788 651
58 424
167 766
261 629
478 773
870 59
692 371
15 570
418 48
202 971
811 939
719 802
642 344
902 401
650 502
579 292
210 449
341 537
823 746
294 50
664 38
901 711
741 24
156 386
397 936
521 392
242 65
481 799
480 950
427 209
697 19
128 274
129 591
591 683
975 776
523 443
564 293
15 111
899 728
62 14
381 403
473 77
114 361
631 140
821 852
182 962
74 715
133 434
504 548
506 126
415 600
164 472
477 783
867 155
705 84
725 25
620 321
431 162
438 666
644 977
113 385
776 169
329 930
634 229
9 606
748 29
703 993
400 205
365 747
951 713
308 893
321 291
316 320
615 860
224 239
226 384
1 334
537 335
477 356
542 728
616 996
11 912
144 383
257 48
186 150
101 281
959 189
951 141
755 820
393 673
414 9
200 181
370 381
244 509
190 464
584 27
392 951
682 648
771 729
495 471
777 916
797 329
341 573
712 191
234 559
162 192
399 157
919 986
96 580
629 678
635 553
906 195
781 981
566 185
280 442
389 120
138 583
761 827
859 222
950 651
153 78
518 463
61 656
208 940
317 262
635 887
190 965
214 118
422 67
756 972
579 860
73 412
326 574
734 760
682 95
866 400
441 587
942 997
952 185
915 303
576 613
577 220
777 306
190 729
174 706
696 190
623 621
737 534
900 456
500 436
635 435
948 30
895 877
970 180
936 508
278 223
122 469
881 914
578 50
828 169
95 506
44 632
83 482
377 129
586 503
115 565
847 492
188 191
652 206
466 441
395 895
514 235
935 889
975 72
466 72
508 563
774 584
991 978
55 339
112 687
51 149
390 464
927 11
824 808
436 566
932 659
940 902
872 596
488 268
575 323
883 116
890 920
817 294
285 456
347 179
115 399
831 333
582 753
646 82
744 332
769 677
533 324
772 524
63 437
564 366
385 813
117 988
613 999
673 50
605 951
125 717
596 686
616 800
805 405
714 529
52 984
837 740
591 897
419 432
285 679
621 62
1 971
535 626
648 78
23 350
170 766
66 959
832 285
69 524
394 998
351 834
869 769
94 73
362 425
164 359
921 548
169 463
126 465
202 385
244 772
80 813
743 290
102 430
585 832
202 886
72 621
36 8
334 301
404 398
301 476
672 528
110 788
81 15
633 61
45 983
67 547
230 93
837 75
822 689
879 576
685 135
120 87
104 572
547 250
819 577
16 882
718 369
386 412
940 987
444 650
393 616
728 517
417 370
202 980
253 265
85 813
86 606
676 700
9 425
930 143
215 47
733 558
494 98
688 241
1000 163
68 851
473 293
401 576
846 870
975 902
410 970
119 763
668 433
856 913
484 882
838 865
554 312
807 990
191 373
599 344
74 581
632 763
782 219
311 641
375 286
822 922
144 938
700 727
347 889
350 72
762 904
598 242
675 819
605 558
888 733
209 905
139 766
399 558
158 286
899 200
919 21
465 908
411 482
984 416
292 39
27 818
410 182
607 407
774 758
405 369
79 78
227 987
992 217
991 901
851 14
465 319
121 301
730 661
927 429
361 510
272 345
202 534
295 567
513 282
737 228
443 369
484 323
289 875
841 774
707 410
182 804
607 875
157 340
964 68
505 793
681 894
251 118
545 831
355 583
466 596
323 229
472 681
721 970
647 486
746 431
494 233
668 614
489 234
933 582
954 675
169 937
521 348
626 43
735 479
898 954
887 157
924 190
566 623
271 257
449 203
235 710
736 993
611 419
557 953
155 409
692 160
506 127
930 749
951 949
990 965
993 237
463 847
959 586
672 412
1000 633
250 120
754 568
882 581
478 136
300 664
265 50
126 414
883 769
496 60
575 907
676 338
35 426
254 290
205 998
187 359
776 392
154 100
815 337
841 230
919 445
6 616
500 21
176 835
460 390
179 632
698 968
221 205
829 612
187 69
689 187
27 572
980 398
732 255
70 498
131 522
336 520
617 681
932 376
534 412
591 165
793 22
284 927
732 29
755 932
779 116
637 408
450 290
819 855
452 340
807 418
3 866
219 400
785 551
816 846
321 416
195 411
233 67
968 921
589 119
116 703
431 668
130 889
238 142
687 591
800 801
928 342
824 167
511 723
772 335
350 855
534 256
483 114
284 97
682 393
271 357
165 290
138 84
186 783
585 356
213 54
934 126
402 295
611 479
577 211
679 434
783 367
903 794
892 579
360 417
53 767
934 856
203 302
377 23
987 986
774 924
558 775
114 941
671 556
857 654
180 487
112 371
296 890
45 865
622 482
137 276
165 600
991 588
353 1000
951 530
871 42
988 198
2 935
149 948
119 874
799 174
747 361
548 110
405 139
462 84
104 592
805 746
21 91
884 181
903 13
742 63
401 825
698 177
266 720
609 362
771 679
646 817
985 907
55 765
612 750
295 178
449 710
307 544
72 379
695 397
366 125
315 961
265 244
674 136
557 323
768 205
290 641
418 458
938 277
703 23
384 805
892 76
165 484
612 83
388 133
29 149
811 463
379 237
924 230
545 255
449 2
769 715
511 836
807 795
773 903
5 301
464 577
928 80
985 97
626 341
700 716
766 853
13 867
783 323
899 862
772 208
154 267
373 901
860 625
88 11
731 803
435 286
588 872
370 909
758 24
945 413
946 174
433 321
779 530
965 995
676 362
202 273
460 985
999 4
340 647
440 769
330 445
407 531
747 196
624 393
831 684
656 768
301 253
324 34
676 991
346 486
629 857
25 203
64 623
704 141
881 820
128 204
935 723
388 662
154 528
910 823
241 112
72 441
38 722
384 21
681 769
24 60
668 893
461 217
997 999
67 126
413 150
198 916
785 995
399 167
772 963
501 845
907 336
259 929
522 121
280 324
299 416
467 834
871 752
547 646
953 99
388 234
826 578
720 65
848 22
192 618
744 71
69 828
344 341
19 191
646 488
960 623
595 968
201 605
865 678
386 761
43 722
463 965
526 221
583 980
274 290
204 935
705 78
407 2
635 397
216 45
97 692
677 224
771 359
847 528
871 223
728 136
356 841
175 151
406 532
468 808
223 404
105 658
541 514
583 139
287 350
732 167
884 698
991 742
170 900
779 574
248 348
965 967
362 172
308 778
311 245
595 310
425 594
858 908
37 581
991 900
405 481
244 63
707 673
317 693
528 28
286 316
316 868
620 535
392 879
14 433
295 391
372 266
964 54
323 966
249 549
646 878
439 996
902 260
945 807
51 976
361 168
287 688
200 234
118 417
940 222
871 566
310 994
349 776
835 65
211 859
747 893
513 965
241 300
798 998
378 399
86 948
271 98
275 103
646 170
765 853
308 485
277 666
972 60
848 242
152 521
212 633
342 780
991 241
204 229
646 468
161 294
787 222
821 526
763 345
687 684
71 228
112 27
517 474
459 782
251 416
43 360
552 584
291 934
650 464
314 525
440 904
709 644
670 922
235 5
77 83
365 890
240 246
210 829
83 441
945 310
233 484
583 508
953 803
55 167
103 612
405 404
965 76
508 553
779 211
370 518
746 957
448 616
901 869
386 466
281 184
120 144
673 654
267 125
860 84
897 966
145 857
954 145
438 486
833 960
850 30
360 302
486 466
51 687
755 935
862 905
349 586
320 940
391 869
730 747
676 757
842 733
202 892
299 202
392 504
48 330
180 383
589 229
826 169
684 191
467 909
449 362
82 634
489 633
566 302
532 234
887 230
299 377
281 790
24 944
219 733
864 751
483 117
715 312
506 446
513 636
518 751
497 273
226 817
927 583
762 751
47 205
360 535
640 633
53 476
356 215
259 437
668 15
801 426
910 244
514 677
640 1000
491 460
255 319
572 467
311 633
916 845
277 697
248 583
230 619
144 770
625 383
273 162
667 126
84 36
156 761
822 798
363 39
615 749
407 808
835 949
35 329
400 954
614 559
500 251
432 363
378 539
382 227
684 569
478 534
232 648
840 455
21 802
474 589
741 521
244 119
227 867
727 618
966 650
884 7
477 503
603 681
909 554
951 147
883 201
690 457
910 856
693 584
430 678
769 104
842 622
115 480
208 334
704 579
120 394
263 258
590 411
987 212
698 33
630 708
994 840
634 895
447 118
114 235
775 372
209 197
356 60
693 155
878 153
650 238
941 925
33 224
786 990
369 983
735 385
259 610
99 355
523 453
963 778
256 560
9 984
249 451
502 927
963 667
624 657
78 470
196 401
567 595
708 749
782 108
23 344
139 839
800 155
587 69
283 420
302 128
827 547
573 27
938 648
376 263
763 501
840 694
841 323
839 824
967 263
656 386
900 716
302 98
16 455
700 113
629 405
611 950
885 59
670 455
173 143
46 103
213 766
715 596
93 88
790 102
813 447
413 593
654 529
296 359
833 74
376 195
999 485
589 803
864 104
188 530
234 216
492 972
219 140
862 950
538 776
98 771
44 986
30 228
72 442
113 530
76 610
167 821
500 514
855 392
125 171
350 720
974 302
557 382
993 379
525 992
825 958
189 575
635 979
157 1
89 411
125 909
55 998
114 414
901 386
225 991
959 156
657 678
450 956
272 869
234 775
398 388
310 720
367 545
119 64
338 625
288 62
697 470
96 987
854 140
895 624
627 514
630 487
614 984
221 713
597 230
998 943
969 583
532 631
352 591
114 546
168 555
152 891
411 198
936 295
57 706
369 624
406 479
135 759
871 79
155 221
646 783
793 595
496 381
886 430
580 781
283 305
66 675
641 903
105 249
705 280
64 384
27 820
581 357
643 94
827 813
416 521
576 107
975 157
690 479
676 30
585 513
864 278
331 875
826 666
228 645
935 264
301 79
230 127
325 345
591 82
741 577
443 258
979 948
926 749
121 769
840 366
970 529
628 469
367 419
295 390
280 997
153 409
424 863
664 779
849 369
613 488
618 446
102 871
125 222
716 999
882 507
977 469
336 475
63 152
279 975
288 563
474 121
691 771
20 205
172 768
191 36
673 813
926 190
198 768
163 523
716 709
717 28
555 321
919 800
96 554
233 773
747 244
906 189
125 815
312 114
534 941
151 523
647 646
765 737
755 439
299 685
877 687
349 49
695 779
339 96
599 495
892 347
507 831
109 159
330 860
810 194
938 927
479 317
601 255
585 706
456 906
921 704
114 582
905 447
818 840
761 370
83 346
201 811
273 342
992 554
495 713
634 83
173 309
670 923
89 734
805 176
311 171
301 401
733 398
456 326
684 598
138 966
102 199
802 521
823 189
719 124
261 692
872 861
926 702
802 632
534 35
383 587
168 632
633 356
788 906
300 109
267 124
487 537
537 110
665 33
457 559
828 554
854 558
33 264
91 62
347 168
855 432
342 365
371 719
411 548
858 199
794 827
890 724
63 402
1000 12
433 957
323 481
397 602
966 361
959 212
592 69
556 672
830 67
781 517
484 667
123 461
877 92
734 767
515 530
921 898
482 420
725 472
504 724
790 684
173 742
763 138
877 382
313 759
297 154
897 940
35 618
578 36
882 615
866 96
188 84
10 852
50 85
74 95
478 501
80 836
466 293
395 995
69 216
16 476
607 344
522 567
44 522
447 991
838 164
235 369
823 272
974 996
153 134
211 504
529 803
180 873
70 333
684 713
889 893
488 930
209 645
306 623
179 711
510 279
439 777
79 294
524 241
854 872
11 14
214 523
949 588
880 679
590 854
367 475
776 994
289 785
806 862
661 41
24 351
615 406
408 916
746 195
622 470
380 965
327 590
241 393
797 298
198 364
281 727
263 547
927 584
363 779
181 950
639 919
656 788
203 819
510 909
403 469
27 449
891 142
251 47
948 127
678 800
679 249
578 460
943 324
319 766
412 396
820 49
401 165
592 176
191 681
861 918
70 707
312 759
850 289
313 674
579 603
515 739
60 220
726 649
24 821
244 912
430 37
640 787
236 268
292 14
459 567
278 105
135 944
136 530
763 613
321 522
430 441
885 709
23 799
80 959
652 237
581 273
858 950
257 344
399 892
954 389
206 366
499 480
122 429
31 129
663 348
309 656
111 804
183 251
121 624
327 780
110 484
326 737
898 510
2 317
318 721
366 74
998 183
195 166
966 913
469 611
428 444
929 269
876 934
661 190
258 867
414 870
952 329
415 316
163 546
256 320
42 305
370 98
150 812
869 396
686 722
263 519
546 20
91 772
590 366
958 242
322 112
893 391
17 518
604 770
4 772
976 477
118 494
959 236
683 230
833 277
65 131
764 267
198 868
146 68
630 484
669 824
448 420
265 722
660 557
717 524
995 950
970 376
917 863
990 127
421 416
867 240
444 7
89 336
865 503
848 739
682 890
865 352
891 269
576 253
351 577
634 431
398 658
974 941
426 911
210 998
301 61
103 113
941 237
559 706
818 376
90 675
699 296
238 304
166 952
633 335
923 543
29 580
122 665
837 445
751 411
272 491
112 746
736 400
633 312
552 690
475 5
685 906
686 413
690 608
582 530
841 660
852 506
96 461
354 801
794 514
233 868
986 298
180 357
702 550
974 267
759 563
741 4
863 277
12 858
509 576
739 795
497 184
650 212
445 952
377 994
285 175
270 317
109 491
551 148
220 900
919 656
820 147
63 462
358 830
489 957
454 953
237 71
754 115
338 926
632 718
39 294
88 824
910 111
709 991
268 667
555 867
44 882
9 753
629 158
496 267
694 522
45 600
541 627
883 770
496 666
4 451
283 284
433 143
287 316
144 198
917 597
19 774
999 249
358 195
818 511
344 909
491 814
728 792
421 567
46 412
982 888
508 555
658 610
509 222
662 122
330 499
774 608
25 103
745 464
447 664
126 89
701 561
667 577
727 561
983 939
185 986
332 607
105 83
712 965
196 190
271 652
479 553
580 965
137 680
285 480
96 144
953 334
111 50
497 890
870 261
998 462
767 647
699 943
332 140
349 874
324 474
427 160
255 788
181 81
589 116
664 437
829 965
4 198
480 854
412 139
837 870
489 520
311 951
977 867
501 549
172 523
981 875
764 109
178 584
765 644
342 191
610 583
87 836
973 503
5 421
561 765
526 889
564 180
947 804
216 954
57 942
852 623
339 532
247 871
928 55
443 562
445 384
748 863
975 643
97 971
80 551
917 919
972 486
635 292
429 797
781 200
278 284
69 310
807 431
299 249
463 66
709 358
214 959
657 356
408 454
693 771
713 93
785 440
689 340
367 260
41 600
885 327
232 537
728 702
768 533
442 28
577 943
797 918
390 468
263 94
161 147
516 862
920 383
177 636
722 55
997 895
836 51
489 424
398 590
112 897
312 289
793 352
150 551
615 401
67 391
205 788
200 292
972 642
132 585
977 28
570 218
860 463
918 683
208 986
744 176
997 162
141 189
640 27
324 540
191 43
260 292
996 110
816 764
488 285
968 519
596 192
599 176
288 20
252 349
471 573
981 548
919 585
320 485
636 187
29 259
847 795
829 316
186 814
26 571
133 357
389 907
378 22
568 58
373 785
446 583
690 812
53 687
964 403
919 156
120 560
107 218
625 281
255 418
386 933
5 605
410 47
526 401
178 3
413 760
469 512
613 105
127 100
285 163
656 825
62 657
980 124
474 781
291 241
753 526
727 799
213 764
314 805
496 896
315 68
758 936
46 468
270 968
698 911
605 191
901 810
775 769
279 598
854 794
747 342
452 122
111 807
820 242
349 750
33 725
642 841
325 450
774 330
521 144
44 51
337 63
585 273
293 440
107 981
920 202
760 777
320 918
319 200
581 741
87 124
949 833
987 50
203 611
55 706
901 750
411 638
30 388
603 450
324 737
254 614
536 9
241 261
357 359
997 142
986 105
343 647
349 311
111 328
428 726
603 224
284 158
482 267
635 819
63 314
195 626
235 577
52 9
659 35
329 644
391 54
173 779
70 669
877 35
387 181
262 363
373 836
342 961
578 44
209 892
601 18
553 407
140 265
268 470
179 213
911 524
257 611
795 495
496 804
908 774
305 863
880 576
831 926
460 873
651 322
411 407
966 423
74 231
319 464
900 561
406 174
62 796
780 95
339 249
12 49
50 892
1 256
852 870
153 125
281 48
390 370
211 435
451 352
441 442
828 290
461 775
707 246
7 511
444 571
672 798
103 342
660 614
664 926
594 163
189 925
206 101
816 233
457 607
578 943
50 640
371 1
492 833
519 6
264 522
58 119
786 755
824 450
399 132
522 606
901 706
152 511
232 45
842 902
241 289
869 431
199 360
460 148
525 529
156 189
449 429
130 768
691 673
472 233
768 470
312 850
683 197
848 925
65 110
29 459
947 888
30 956
201 638
130 546
166 172
369 816
813 799
395 650
341 442
269 173
112 30
999 901
628 849
75 883
886 25
374 301
337 91
165 846
903 720
300 555
467 106
417 769
442 436
139 508
32 652
209 899
684 592
560 590
137 787
482 548
211 478
253 871
277 215
990 40
293 852
349 677
461 811
580 295
963 441
376 253
323 790
585 463
715 892
775 990
797 546
597 906
842 585
238 342
755 936
632 157
637 404
493 380
293 952
522 218
866 846
546 196
586 709
310 973
259 877
242 15
570 177
777 889
996 75
764 255
412 132
492 474
722 551
738 934
972 805
812 564
924 158
285 980
288 120
659 91
624 146
627 591
246 395
1 994
678 996
395 777
973 728
208 606
834 770
645 374
633 744
207 389
154 307
685 397
766 908
303 918
911 727
326 29
26 361
279 137
230 761
32 970
629 269
277 408
832 33
157 946
429 173
212 195
199 583
875 35
206 481
297 459
61 418
453 200
610 349
496 613
796 682
709 391
305 65
112 597
167 607
956 288
957 601
395 80
698 859
167 556
766 42
590 543
541 100
191 773
119 644
655 664
214 632
219 210
845 826
737 401
59 653
477 318
734 906
615 400
46 629
584 60
837 662
986 368
950 479
259 824
441 61
522 254
11 383
894 680
290 298
167 112
212 587
666 16
561 941
161 63
77 835
886 763
635 953
545 401
397 636
75 366
592 916
901 60
321 159
761 245
670 379
160 224
435 726
40 162
22 730
313 454
578 458
709 884
411 977
564 137
335 842
686 998
295 534
520 303
132 29
138 650
977 864
89 88
74 268
611 511
922 638
540 33
862 451
321 893
766 857
32 776
344 10
810 299
282 832
273 131
572 353
442 522
459 600
761 296
444 236
27 956
766 571
982 596
665 131
844 589
594 632
847 350
430 154
287 247
92 333
199 555
940 547
922 50
575 860
616 217
434 361
325 465
586 890
496 897
499 482
392 1000
10 571
818 338
215 486
253 815
832 753
314 917
769 694
792 124
73 362
646 759
775 913
353 746
742 76
390 433
546 443
508 306
953 427
457 532
594 79
871 953
875 570
487 944
188 619
738 878
571 994
318 678
105 187
47 733
764 833
820 979
823 728
848 492
385 610
719 539
354 637
579 108
765 361
807 68
440 751
445 771
462 995
293 51
603 227
337 523
216 356
307 847
843 803
787 89
348 627
238 821
352 868
445 229
84 411
375 356
235 721
566 567
491 363
131 143
826 672
740 366
820 390
531 205
625 218
938 841
614 942
1000 514
805 423
473 902
973 881
761 347
568 450
445 312
102 828
839 136
572 261
865 501
222 154
356 964
608 593
168 210
500 143
672 706
356 939
235 170
473 721
40 428
22 12
995 628
600 356
144 506
951 385
917 273
405 493
689 146
783 916
509 169
2 875
358 576
419 569
784 313
987 450
440 639
521 826
23 624
195 247
638 41
768 845
91 422
883 825
833 873
614 54
172 221
309 404
419 588
628 246
155 818
974 270
945 692
622 396
732 340
825 878
879 39
774 81
925 219
803 675
199 474
327 673
664 91
777 860
707 31
109 489
717 234
4 875
612 384
354 496
134 466
281 830
934 973
674 831
712 502
39 81
26 862
479 24
155 382
716 53
591 983
522 714
339 634
549 659
131 262
61 985
691 382
291 211
17 403
130 722
23 413
355 373
717 703
956 985
562 320
943 205
31 519
966 230
457 438
6 336
762 139
990 379
978 675
631 639
442 292
633 15
997 534
999 72
17 553
58 372
499 474
672 972
729 653
513 456
748 740
555 853
866 526
558 424
279 665
177 499
751 441
715 895
300 511
428 196
11 116
626 8
15 612
293 834
310 160
93 720
976 972
152 62
264 600
584 1
323 55
713 483
708 162
391 758
822 190
498 98
725 929
122 726
466 708
431 554
366 280
646 251
921 167
209 366
359 820
986 46
878 112
614 372
494 377
77 815
464 316
925 449
88 760
713 831
53 262
294 48
463 667
946 579
69 752
969 802
398 242
152 627
773 942
333 999
229 726
753 36
200 932
847 950
408 925
88 901
711 103
933 185
689 653
924 300
363 138
970 190
454 103
165 912
250 264
455 587
900 724
478 504
649 556
304 459
473 664
348 796
515 68
989 5
865 31
535 548
940 719
249 818
475 304
721 568
881 884
412 133
549 446
680 291
42 772
59 942
116 181
667 559
764 745
638 22
815 276
211 584
699 239
929 358
622 469
445 121
399 334
20 17
399 255
292 61
349 844
885 810
547 657
364 611
499 781
379 102
416 236
90 511
772 665
590 384
133 65
778 310
621 278
307 882
894 794
293 267
977 990
32 43
164 568
91 584
517 124
631 114
961 98
929 514
307 16
471 797
19 388
536 538
520 447
95 145
655 545
201 646
588 790
572 499
76 411
597 32
688 964
799 676
482 155
140 359
325 813
454 67
701 66
319 170
960 452
636 633
568 649
771 44
225 107
723 212
60 135
892 945
1 314
6 79
934 682
430 885
104 953
539 153
753 244
200 21
964 199
107 164
927 213
300 261
2 678
417 12
67 18
858 489
151 114
292 675
924 536
929 258
593 235
806 712
76 493
150 688
211 834
108 926
454 694
485 298
205 160
778 456
376 754
51 518
274 962
565 49
12 919
825 156
790 926
539 666
916 500
747 878
178 526
640 263
745 699
600 8
207 681
338 840
744 987
207 993
599 455
715 202
740 954
499 871
243 785
944 635
699 515
658 38
353 510
74 432
667 397
406 467
579 713
766 965
17 621
643 164
98 413
795 481
767 485
291 798
644 794
974 513
596 60
903 639
516 667
64 388
728 939
434 778
558 179
818 228
576 414
561 334
192 407
524 974
339 360
324 252
443 346
861 435
449 837
487 753
733 249
202 611
25 170
855 330
881 971
246 102
609 292
96 337
334 207
674 376
305 507
659 532
902 776
869 203
817 352
855 424
789 580
567 276
898 739
132 515
115 333
851 705
566 212
473 267
471 272
772 563
386 680
906 185
800 684
375 180
506 709
547 681
511 596
510 889
350 978
756 625
958 237
455 141
55 887
77 667
231 710
123 37
311 882
882 778
4 906
955 954
447 645
317 477
799 969
1000 321
450 702
986 796
625 116
56 345
576 528
39 688
959 995
1000 720
766 775
782 788
353 282
212 689
155 12
174 792
430 390
322 535
515 265
678 216
202 225
188 586
994 5
908 853
732 689
14 752
435 349
455 614
210 679
891 612
817 916
303 722
487 81
219 671
50 669
939 938
120 840
586 45
988 329
281 97
887 897
728 822
488 571
322 987
343 743
163 69
737 56
776 748
35 876
690 334
893 693
641 306
344 686
326 514
111 938
149 11
387 922
157 528
512 513
840 142
824 787
72 24
879 759
241 647
572 733
775 984
797 544
376 878
987 350
551 625
399 452
370 372
137 685
391 864
405 226
607 986
498 644
208 246
320 976
707 958
121 783
584 401
802 56
401 625
872 428
163 877
246 636
586 177
512 252
245 974
938 819
133 108
688 413
542 456
411 838
844 16
403 298
223 213
265 269
312 576
666 531
918 928
247 864
998 920
203 738
574 219
578 134
744 674
653 728
565 444
667 452
535 325
940 158
815 53
528 669
468 192
72 745
306 182
86 620
277 279
704 109
214 946
984 269
839 625
36 98
93 79
535 152
769 491
211 998
710 998
326 991
205 742
6 985
65 659
444 526
690 370
505 520
167 558
343 253
739 495
46 665
430 568
769 242
665 1
741 278
816 179
745 211
968 641
380 850
288 552
818 994
608 164
882 319
609 733
811 889
405 984
507 462
15 281
16 713
969 278
811 150
704 870
82 582
673 233
980 979
623 865
488 432
81 262
299 459
275 463
68 516
385 806
48 984
359 936
881 424
866 476
338 869
49 798
873 540
437 619
477 686
114 680
794 180
108 398
682 461
313 678
443 595
960 915
501 201
752 185
71 171
863 159
729 159
278 242
504 833
839 823
416 631
149 757
956 235
325 78
647 684
679 799
960 227
656 812
959 110
420 502
420 293
684 538
68 375
34 419
493 74
490 161
897 871
653 354
124 574
897 912
898 331
572 790
612 987
439 873
7 37
599 719
49 995
654 820
767 917
200 101
354 405
71 930
148 141
612 938
280 61
387 867
194 607
281 793
824 136
189 856
488 207
972 673
590 80
497 775
719 628
872 28
711 708
695 495
163 550
95 675
705 619
47 588
225 251
52 246
824 263
364 576
146 271
698 288
702 360
82 957
749 215
998 759
985 308
177 855
548 802
192 492
38 144
283 967
91 550
43 699
230 891
866 469
201 583
754 301
352 981
403 723
153 740
317 41
484 558
503 450
692 108
540 7
726 830
491 395
37 11
629 146
829 63
723 548
946 253
641 873
235 910
722 874
370 939
440 955
499 565
672 341
446 832
847 316
261 953
903 638
743 383
176 719
839 936
487 274
325 435
898 13
157 666
839 718
399 717
538 87
941 122
212 81
926 726
233 189
320 352
572 826
704 482
550 865
69 619
257 462
629 936
426 463
104 829
215 91
772 798
96 449
971 937
483 387
375 913
911 501
555 311
494 1
149 426
911 282
164 957
327 675
507 937
366 63
150 972
670 151
708 878
838 821
507 103
336 460
109 487
237 178
153 302
61 644
557 639
233 539
792 432
282 706
694 555
855 653
429 642
515 513
723 738
647 816
282 996
123 258
711 125
933 131
937 192
991 413
188 478
977 711
590 324
964 987
970 152
678 217
956 987
44 765
444 39
248 416
784 716
439 380
866 968
153 915
889 409
961 996
176 540
908 805
608 639
951 705
665 366
886 318
374 706
823 267
239 576
577 468
961 518
184 249
609 244
862 710
142 507
81 947
667 980
617 513
905 975
201 362
741 454
79 329
372 197
559 595
33 545
508 261
834 478
647 140
405 225
832 563
926 349
638 75
159 310
950 71
954 10
639 273
779 109
251 730
585 302
94 884
284 692
836 505
105 369
968 817
769 288
208 134
101 839
321 441
676 266
731 905
733 640
294 340
223 310
117 863
613 122
149 465
556 782
217 922
803 959
18 157
384 543
646 283
26 688
375 441
469 52
397 311
91 622
917 587
596 513
446 732
655 392
400 500
193 163
268 699
917 802
40 810
923 43
284 563
351 854
615 517
209 953
984 65
948 420
952 927
535 324
493 513
386 989
667 116
795 59
669 542
405 322
472 260
875 49
403 854
662 988
801 822
746 598
241 144
533 724
201 91
700 107
135 984
942 24
861 254
606 901
282 303
918 111
701 736
760 164
675 413
107 719
804 255
272 408
680 293
315 282
695 119
664 985
364 730
488 837
695 228
54 20
992 341
781 748
10 70
764 969
525 613
401 707
664 247
415 35
668 647
116 964
272 868
437 438
590 228
539 914
522 76
461 272
718 392
375 206
747 827
489 607
121 289
225 949
63 445
502 759
433 333
13 728
342 108
159 878
697 83
200 661
76 56
388 140
194 431
251 34
89 131
455 84
374 172
753 117
826 651
85 24
711 180
569 198
297 104
466 210
354 11
374 78
360 648
491 430
40 774
994 91
776 154
299 807
804 916
732 715
914 376
292 420
785 991
59 906
478 331
132 76
48 862
309 807
255 63
457 76
277 441
630 89
431 974
248 327
819 314
814 782
895 111
382 182
572 66
849 835
867 518
463 467
908 124
124 857
361 377
69 72
272 230
335 149
448 551
288 912
384 351
292 888
115 823
813 458
372 142
174 380
214 697
805 550
440 614
993 846
931 144
236 860
811 582
581 848
431 793
430 708
261 619
663 942
980 786
34 100
366 177
376 645
329 480
398 364
750 285
845 61
246 522
989 894
709 930
151 765
85 361
750 117
181 774
511 515
938 131
721 273
208 876
227 216
65 789
446 442
269 193
622 51
517 205
352 871
503 300
273 945
679 361
277 793
614 978
351 136
340 842
49 906
30 983
119 459
899 786
810 379
29 880
244 723
722 927
193 363
26 470
369 618
79 643
573 446
598 357
931 530
340 460
503 656
253 637
35 438
532 736
352 274
408 612
121 219
999 208
837 245
749 553
932 31
420 459
24 564
799 329
638 483
819 647
419 53
976 709
540 516
567 195
146 797
207 314
650 669
258 222
665 504
760 954
577 772
266 21
819 835
733 522
458 844
114 218
388 919
834 739
3 910
604 793
588 438
55 595
223 477
9 175
911 138
159 657
751 971
644 503
789 746
702 261
393 217
255 605
26 232
574 963
276 514
463 640
766 947
416 901
70 188
973 607
668 179
761 970
52 920
36 549
915 282
555 182
361 868
997 202
238 566
541 477
299 990
765 831
57 736
278 200
899 44
388 616
866 20
545 740
109 733
150 97
425 550
657 371
452 777
338 217
440 849
159 640
205 623
757 2
44 435
562 48
837 122
912 79
658 607
221 197
84 707
497 642
614 247
427 872
301 847
12 390
824 644
732 21
57 283
662 456
828 544
421 986
67 430
953 337
916 67
58 183
189 671
834 596
409 519
780 530
821 330
197 672
609 544
114 254
223 135
119 371
484 988
506 628
413 456
651 660
564 403
324 948
825 105
60 754
99 332
605 938
416 50
346 831
735 315
715 182
111 509
994 739
591 775
596 659
762 647
917 346
906 445
694 564
364 943
445 42
386 696
188 268
597 152
688 844
178 822
877 97
827 687
809 1000
97 974
672 432
981 170
640 926
355 483
32 974
383 371
188 193
26 228
390 909
174 20
451 625
608 540
148 695
774 807
701 797
585 828
586 79
434 720
720 981
862 272
719 169
337 411
10 515
641 739
359 54
477 351
248 121
675 412
803 83
197 832
92 58
920 469
431 961
131 622
944 491
83 359
803 32
831 592
642 894
746 193
846 454
333 145
280 35
542 991
675 250
287 736
257 309
314 198
6 136
231 414
860 341
898 566
63 222
416 257
659 447
487 878
453 810
20 131
690 775
450 32
15 392
218 4
73 799
574 697
111 942
542 411
855 176
569 31
256 408
597 489
651 513
13 552
700 998
757 755
683 240
242 352
5 388
890 468
834 229
643 542
551 441
640 969
259 478
743 657
302 319
191 574
812 88
344 415
951 836
806 73
937 142
65 475
28 201
303 961
164 281
330 993
277 742
459 719
663 921
136 314
480 878
749 290
640 890
53 731
862 67
402 603
331 393
351 986
561 243
433 377
933 444
257 907
687 141
361 751
126 297
348 995
443 17
559 327
11 757
250 525
606 870
542 654
379 780
163 31
775 245
57 428
793 948
155 788
945 81
864 111
404 130
270 751
41 414
219 133
680 401
522 444
845 86
525 567
584 205
654 933
59 685
940 242
834 621
119 533
824 555
698 460
293 1000
864 828
741 490
156 432
928 601
266 336
933 728
835 545
331 577
507 694
560 436
688 377
431 751
308 154
977 797
336 163
321 273
602 130
985 314
623 232
406 938
583 686
386 606
574 951
920 570
607 350
562 999
283 202
857 225
179 397
787 202
94 280
114 714
79 620
833 152
688 645
599 433
69 582
985 69
568 475
398 856
554 210
238 539
387 201
944 622
283 488
992 662
203 273
994 124
193 283
343 777
240 794
386 898
745 819
891 605
517 512
936 76
480 216
444 355
541 651
68 439
123 932
452 790
53 977
519 552
336 775
245 377
779 665
59 149
662 80
205 731
757 478
667 970
582 219
183 164
757 335
239 594
323 463
983 925
819 932
414 392
162 353
509 22
777 747
137 549
966 612
970 619
977 445
837 729
822 754
698 113
793 291
831 319
559 780
357 420
711 789
158 175
359 145
801 213
806 747
426 239
622 259
567 784
96 545
204 271
36 200
704 991
617 274
356 322
485 546
185 350
532 264
731 679
143 477
990 656
762 723
131 401
398 133
152 815
389 974
888 897
217 207
398 820
292 287
40 816
558 534
125 312
457 297
745 926
652 510
688 911
272 430
212 69
948 625
342 704
656 717
279 209
193 400
714 18
453 78
456 766
623 934
883 697
978 348
819 373
785 325
127 904
954 468
754 866
935 632
941 186
616 863
592 162
982 882
976 631
715 533
684 732
757 434
707 645
706 880
46 273
139 209
828 707
611 725
712 892
470 604
866 378
898 305
628 48
674 296
33 656
569 582
237 592
589 443
419 415
868 476
40 927
86 671
638 984
932 583
494 716
668 701
85 605
211 910
401 630
291 270
185 47
114 255
734 821
187 684
20 351
100 13
345 162
308 82
717 138
310 736
668 498
122 948
325 753
591 774
792 760
613 858
597 325
427 469
284 122
344 277
593 678
174 601
47 213
640 625
365 274
204 912
902 721
377 316
654 86
514 701
584 16
826 983
518 513
45 549
852 843
356 698
197 378
870 348
827 543
563 312
91 32
654 368
275 632
863 160
165 877
576 140
867 415
814 378
912 142
469 743
163 260
491 883
553 140
295 771
171 881
828 907
999 27
802 693
340 372
608 652
202 373
297 607
84 881
603 899
607 615
928 525
154 867
780 243
49 127
163 243
515 358
186 176
813 117
543 156
834 475
846 455
133 632
823 813
20 942
24 41
831 486
688 112
797 690
983 171
629 299
327 583
509 800
630 932
150 680
233 806
76 340
739 748
37 336
580 865
809 143
206 975
604 962
242 191
725 562
427 275
543 609
583 564
967 917
111 419
337 788
403 331
226 890
692 67
391 627
749 110
324 847
678 938
657 451
915 341
749 400
80 761
248 619
544 168
75 830
774 998
97 858
418 524
326 141
114 875
170 937
10 706
67 783
213 533
306 345
714 42
365 826
345 834
795 295
64 299
158 613
31 249
896 670
145 622
409 17
282 257
853 982
15 789
561 600
953 716
456 20
37 569
90 633
732 184
989 263
202 587
721 681
538 993
921 31
834 419
793 213
81 155
337 49
858 501
345 734
439 520
262 3
688 384
363 974
962 35
368 984
995 679
812 437
318 314
198 796
734 866
492 633
669 205
228 3
998 539
637 185
8 958
342 31
181 915
792 296
896 436
150 918
247 406
798 770
952 430
706 229
164 713
611 288
601 890
123 394
87 559
837 1
40 966
331 249
153 745
812 904
265 731
161 538
236 58
751 629
682 428
499 792
598 264
302 309
584 838
248 964
78 800
574 353
689 713
398 635
383 27
754 669
390 955
546 933
287 321
291 770
62 349
936 77
511 167
11 643
49 340
33 847
602 904
446 297
779 646
469 768
453 139
738 459
440 627
396 733
609 94
56 355
557 39
762 800
620 585
987 374
897 98
970 616
220 351
771 601
479 562
940 64
945 862
851 757
589 359
786 989
78 212
724 718
788 99
590 179
829 841
205 239
561 927
394 270
307 611
125 824
952 364
368 595
268 846
623 158
882 36
989 832
702 267
782 355
766 798
74 540
771 291
502 940
730 195
991 388
754 253
739 147
999 733
856 661
903 806
877 1
454 850
758 268
598 165
605 663
130 687
627 919
919 365
888 917
133 456
209 850
672 406
529 499
202 237
627 772
776 340
501 63
364 265
861 952
654 260
178 453
287 293
553 795
165 729
663 78
217 574
235 939
533 558
662 898
1000 915
231 985
862 709
496 974
280 811
750 810
474 737
571 181
310 411
811 738
573 543
448 656
793 28
686 337
224 509
836 695
276 125
359 526
561 217
723 917
703 227
702 634
264 556
962 415
671 293
855 72
307 718
180 320
128 427
440 493
152 289
817 529
252 82
976 126
208 8
691 997
574 557
764 100
839 378
454 924
76 102
958 28
83 962
708 611
683 614
492 246
826 754
407 383
634 237
283 181
302 403
319 595
881 226
221 577
956 660
776 18
498 690
579 615
19 789
565 440
17 114
130 691
780 459
434 29
71 336
992 607
739 506
705 190
669 539
585 960
416 168
253 690
752 127
495 757
442 483
739 331
939 893
818 70
446 799
983 349
136 973
102 264
139 286
748 282
568 976
552 53
572 40
525 478
487 343
549 296
419 207
82 111
192 467
283 908
377 877
505 524
1 243
827 75
21 240
439 769
6 876
564 910
508 292
989 339
112 809
3 682
742 53
708 493
445 846
547 41
772 834
624 348
845 126
285 477
582 605
824 529
290 437
99 365
38 575
373 598
299 33
983 27
986 493
414 882
471 359
793 395
280 370
651 805
265 226
447 206
795 517
110 12
368 667
385 649
7 534
428 745
988 272
75 356
664 263
521 130
272 379
66 97
252 340
80 333
632 746
616 175
353 167
285 946
99 685
811 342
170 338
796 34
127 446
787 801
735 63
829 422
652 673
688 874
691 445
912 446
35 673
535 756
956 815
994 86
634 177
284 88
545 582
133 295
701 93
63 592
239 297
781 229
288 582
453 116
844 587
793 117
683 719
978 725
999 169
175 475
804 425
879 887
993 496
386 222
188 854
248 185
20 527
165 610
349 453
762 430
997 199
659 944
676 114
638 225
827 230
594 807
192 807
841 902
589 608
148 282
850 76
229 401
471 180
698 232
857 59
628 105
922 496
233 999
362 645
291 240
987 286
111 2
298 685
318 680
300 339
347 232
244 256
793 502
635 637
929 246
768 52
640 564
170 242
134 345
727 58
108 554
950 735
642 644
151 766
393 162
348 265
864 651
828 515
200 166
389 822
746 171
13 586
492 175
184 136
441 543
687 766
429 666
781 581
564 107
359 601
825 385
874 699
857 70
344 125
880 415
518 575
637 26
317 150
669 673
414 164
329 376
312 522
576 983
618 388
880 24
984 60
53 658
531 433
1 718
791 995
376 300
197 925
896 152
371 499
671 750
287 209
650 510
644 662
425 600
31 220
378 600
785 488
325 447
386 960
284 592
118 622
249 749
529 413
536 404
918 191
579 975
375 734
811 534
871 842
922 795
590 918
335 569
727 267
289 97
332 785
355 624
962 440
560 714
603 438
39 154
955 501
815 789
262 895
547 735
677 788
272 943
152 373
726 291
583 622
214 247
643 813
720 136
793 750
700 825
43 778
748 589
513 622
199 622
883 681
578 12
27 318
799 948
912 728
483 346
753 50
476 703
740 264
544 499
657 820
948 349
473 891
956 864
938 791
776 198
448 55
502 254
273 188
240 937
421 332
409 396
250 254
13 50
412 163
960 1
390 932
66 668
303 729
452 741
172 617
511 346
981 653
757 86
999 241
912 51
352 416
336 997
944 740
322 980
102 309
418 691
662 237
443 313
943 764
547 191
875 730
785 758
950 168
646 994
646 689
884 164
45 310
747 420
125 8
862 887
243 197
889 571
343 38
608 157
773 220
81 115
464 133
232 225
86 780
802 53
499 491
856 822
335 145
436 922
61 563
671 618
910 646
826 401
129 679
5 28
912 806
204 172
410 421
313 526
70 589
916 625
554 461
249 414
10 488
165 184
350 124
448 484
288 349
527 55
202 191
298 143
131 249
886 205
242 596
550 436
516 236
615 662
924 345
709 733
841 429
861 818
737 780
476 336
23 157
905 700
430 129
744 824
308 805
93 217
258 14
575 801
380 326
541 881
672 512
178 377
508 720
624 265
607 464
311 55
279 469
600 290
944 501
714 278
219 924
384 375
292 832
721 562
410 561
638 137
569 902
591 29
723 397
125 420
340 955
326 754
189 990
281 275
524 377
832 395
211 590
820 672
299 147
7 226
163 15
752 901
863 915
692 970
319 45
285 77
884 50
90 167
755 171
973 32
423 195
601 721
836 360
158 372
163 670
362 860
95 731
901 404
596 988
775 511
561 567
29 249
532 528
977 839
118 411
29 362
322 148
485 632
810 350
295 285
791 538
578 453
244 566
933 869
482 65
579 949
467 495
947 953
70 824
821 912
245 897
271 499
844 279
772 52
99 216
890 181
728 264
252 938
865 625
408 878
338 531
844 757
244 921
67 388
415 314
516 343
75 897
59 260
987 957
490 392
576 25
560 702
978 357
926 989
999 57
488 745
567 981
382 5
440 780
168 283
465 848
221 381
376 94
548 38
241 864
261 755
816 374
814 993
763 971
306 520
370 471
797 626
845 168
837 337
766 73
533 168
890 124
699 144
607 891
244 371
409 674
488 847
215 178
508 184
436 653
458 965
24 7
101 802
816 35
636 275
555 462
363 20
9 294
66 305
